BAC_20230815_0,12,12,2900
BAC_20230815_1,12,12,1900
BAC_20230815_2,12,12,15900
BAC_20230815_3,12,12,1900
BAC_20230815_4,12,12,15900
BAC_20230815_5,12,12,14900
BAC_20230815_6,12,12,15900
BAC_20230815_7,12,12,3900
BAC_20230815_8,12,12,9900
BAC_20230815_9,12,12,9900
BAC_20230815_10,12,12,1900
BAC_20230815_11,12,12,7900
BAC_20230815_12,12,12,6900
BAC_20230815_13,12,12,1900
BAC_20230815_14,12,12,7900
BAC_20230815_15,12,12,10900
BAC_20230815_16,12,12,14900
BAC_20230815_17,12,12,16900
BAC_20230815_18,12,12,18900
BAC_20230815_19,12,12,18900
BAC_20230815_20,12,12,10900
BAC_20230815_21,12,12,10900
BAC_20230815_22,12,12,16900
BAC_20230815_23,12,12,1900
BAC_20230815_24,12,12,9900
BAC_20230815_25,12,12,10900
BAC_20230815_26,12,12,9900
BAC_20230815_27,12,12,17900
BAC_20230815_28,12,12,15900
BAC_20230815_29,12,12,15900
BAC_20230815_30,12,12,14900
BAC_20230815_31,12,12,8900
BAC_20230815_32,12,12,14900
BAC_20230815_33,12,12,17900
BAC_20230815_34,12,12,10900
BAC_20230815_35,12,12,1900
BAC_20230815_36,12,12,7900
BAC_20230815_37,12,12,15900
BAC_20230815_38,12,12,14900
BAC_20230815_39,12,12,1900
BAC_20230815_40,12,12,9900
BAC_20230815_41,12,12,16900
BAC_20230815_42,12,12,17900
BAC_20230815_43,12,12,1900
BAC_20230815_44,12,12,11900
BAC_20230815_45,12,12,6900
BAC_20230815_46,12,12,17900
BAC_20230815_47,12,12,7900
BAC_20230815_48,12,12,12900
BAC_20230815_49,12,12,6900