BED_20230424_0,12,12,25900
BED_20230424_1,12,12,4900
BED_20230424_2,12,12,45900
BED_20230424_3,12,12,3900
BED_20230424_4,12,12,28900
BED_20230424_5,12,12,24900
BED_20230424_6,12,12,14900
BED_20230424_7,12,12,23900
BED_20230424_8,12,12,38900
BED_20230424_9,12,12,9900
BED_20230424_10,12,12,13900
BED_20230424_11,12,12,24900
BED_20230424_12,12,12,19900
BED_20230424_13,12,12,47900
BED_20230424_14,12,12,48900
BED_20230424_15,12,12,37900
BED_20230424_16,12,12,41900
BED_20230424_17,12,12,26900
BED_20230424_18,12,12,18900
BED_20230424_19,12,12,22900
BED_20230424_20,12,12,4900
BED_20230424_21,12,12,44900
BED_20230424_22,12,12,24900
BED_20230424_23,12,12,14900
BED_20230424_24,12,12,24900
BED_20230424_25,12,12,33900
BED_20230424_26,12,12,1900
BED_20230424_27,12,12,23900
BED_20230424_28,12,12,10900
BED_20230424_29,12,12,38900
BED_20230424_30,12,12,45900
BED_20230424_31,12,12,37900
BED_20230424_32,12,12,21900
BED_20230424_33,12,12,8900
BED_20230424_34,12,12,21900
BED_20230424_35,12,12,35900
BED_20230424_36,12,12,32900
BED_20230424_37,12,12,34900
BED_20230424_38,12,12,19900
BED_20230424_39,12,12,12900
BED_20230424_40,12,12,14900
BED_20230424_41,12,12,2900
BED_20230424_42,12,12,5900
BED_20230424_43,12,12,38900
BED_20230424_44,12,12,15900
BED_20230424_45,12,12,44900
BED_20230424_46,12,12,28900
BED_20230424_47,12,12,19900
BED_20230424_48,12,12,6900
BED_20230424_49,12,12,35900