BEP_20230815_1,11,7,15900
BEP_20230815_2,2,11,75900
BEP_20230815_3,11,6,96900
BEP_20230815_4,7,8,83900
BEP_20230815_5,11,11,59900
BEP_20230815_6,8,7,86900
BEP_20230815_7,7,6,51900
BEP_20230815_8,6,10,11900
BEP_20230815_9,4,3,17900
BEP_20230815_10,7,4,65900
BEP_20230815_11,12,6,24900
BEP_20230815_12,3,11,85900
BEP_20230815_13,4,6,52900
BEP_20230815_14,5,3,67900
BEP_20230815_15,4,3,51900
BEP_20230815_16,6,10,31900
BEP_20230815_17,1,4,97900
BEP_20230815_18,11,7,96900
BEP_20230815_19,3,2,46900
BEP_20230815_20,6,4,96900
BEP_20230815_21,4,3,94900
BEP_20230815_22,12,4,66900
BEP_20230815_23,9,9,99900
BEP_20230815_24,2,2,32900
BEP_20230815_25,7,10,52900
BEP_20230815_26,4,5,98900
BEP_20230815_27,10,10,87900
BEP_20230815_28,7,10,57900
BEP_20230815_29,10,8,48900
BEP_20230815_30,1,6,79900
BEP_20230815_31,12,6,98900
BEP_20230815_32,4,5,79900
BEP_20230815_33,4,1,53900
BEP_20230815_34,12,9,60900
BEP_20230815_35,4,2,65900
BEP_20230815_36,11,10,70900
BEP_20230815_37,6,8,73900
BEP_20230815_38,3,7,22900
BEP_20230815_39,4,4,19900
BEP_20230815_40,10,12,76900
BEP_20230815_41,10,12,52900
BEP_20230815_42,7,3,85900
BEP_20230815_43,9,10,65900
BEP_20230815_44,10,11,47900
BEP_20230815_45,4,7,14900
BEP_20230815_46,11,2,66900
BEP_20230815_47,1,9,35900
BEP_20230815_48,8,7,55900
BEP_20230815_49,3,5,32900
BEP_20230815_50,10,8,99900
BEP_20230515_1,3,5,32900