BOW_2023425_0,12,12,6500
BOW_2023425_1,12,12,10500
BOW_2023425_2,12,12,10500
BOW_2023425_3,12,12,8500
BOW_2023425_4,12,12,19500
BOW_2023425_5,12,12,16500
BOW_2023425_6,12,12,5500
BOW_2023425_7,12,12,13500
BOW_2023425_8,12,12,8500
BOW_2023425_9,12,12,17500
BOW_2023425_10,12,12,17500
BOW_2023425_11,12,12,7500
BOW_2023425_12,12,12,12500
BOW_2023425_13,12,12,17500
BOW_2023425_14,12,12,10500
BOW_2023425_15,12,12,7500
BOW_2023425_16,12,12,2500
BOW_2023425_17,12,12,10500
BOW_2023425_18,12,12,10500
BOW_2023425_19,12,12,9500
BOW_2023425_20,12,12,7500
BOW_2023425_21,12,12,19500
BOW_2023425_22,12,12,10500
BOW_2023425_23,12,12,16500
BOW_2023425_24,12,12,19500
BOW_2023425_25,12,12,11500
BOW_2023425_26,12,12,16500
BOW_2023425_27,12,12,18500
BOW_2023425_28,12,12,17500
BOW_2023425_29,12,12,6500
BOW_2023425_30,12,12,1500
BOW_2023425_31,12,12,5500
BOW_2023425_32,12,12,17500
BOW_2023425_33,12,12,17500
BOW_2023425_34,12,12,10500
BOW_2023425_35,12,12,1500
BOW_2023425_36,12,12,11500
BOW_2023425_37,12,12,9500
BOW_2023425_38,12,12,4500
BOW_2023425_39,12,12,2500
BOW_2023425_40,12,12,18500
BOW_2023425_41,12,12,11500
BOW_2023425_42,12,12,11500
BOW_2023425_43,12,12,14500
BOW_2023425_44,12,12,2500
BOW_2023425_45,12,12,17500
BOW_2023425_46,12,12,13500
BOW_2023425_47,12,12,13500
BOW_2023425_48,12,12,14500
BOW_2023425_49,12,12,10500
