CAC_20230815_1,1,1,329000
CAC_20230815_2,1,1,259000
CAC_20230815_3,1,1,289000
CAC_20230815_4,1,1,239000
CAC_20230815_5,1,1,289000
CAC_20230815_6,1,1,209000
CAC_20230815_7,1,1,349000
CAC_20230815_8,1,1,279000
CAC_20230815_9,1,1,299000
CAC_20230815_10,1,1,339000
CAC_20230815_11,1,1,199000
CAC_20230815_12,1,1,309000
CAC_20230815_13,1,1,349000
CAC_20230815_14,1,1,249000
CAC_20230815_15,1,1,269000
CAC_20230815_16,1,1,219000
CAC_20230815_17,1,1,169000
CAC_20230815_18,1,1,169000
CAC_20230815_19,1,1,329000
CAC_20230815_20,1,1,329000
CAC_20230815_21,1,1,279000
CAC_20230815_22,1,1,269000
CAC_20230815_23,1,1,339000
CAC_20230815_24,1,1,349000
CAC_20230815_25,1,1,199000
CAC_20230815_26,1,1,229000
CAC_20230815_27,1,1,249000
CAC_20230815_28,1,1,259000
CAC_20230815_29,1,1,319000
CAC_20230815_30,1,1,169000
CAC_20230815_31,1,1,349000
CAC_20230815_32,1,1,229000
CAC_20230815_33,1,1,329000
CAC_20230815_34,1,1,239000
CAC_20230815_35,1,1,229000
CAC_20230815_36,1,1,329000
CAC_20230815_37,1,1,339000
CAC_20230815_38,1,1,159000
CAC_20230815_39,1,1,189000
CAC_20230815_40,1,1,179000
CAC_20230815_41,1,1,279000
CAC_20230815_42,1,1,349000
CAC_20230815_43,1,1,249000
CAC_20230815_44,1,1,179000
CAC_20230815_45,1,1,269000
CAC_20230815_46,1,1,269000
CAC_20230815_47,1,1,169000
CAC_20230815_48,1,1,309000
CAC_20230815_49,1,1,259000
CAC_20230815_50,1,1,209000
