CAM_20230815_1,5,4,97900
CAM_20230815_2,8,6,53900
CAM_20230815_3,3,1,66900
CAM_20230815_4,6,12,64900
CAM_20230815_5,1,6,97900
CAM_20230815_6,3,8,58900
CAM_20230815_7,7,5,94900
CAM_20230815_8,10,11,78900
CAM_20230815_9,1,7,59900
CAM_20230815_10,5,7,65900
CAM_20230815_11,5,12,99900
CAM_20230815_12,8,5,40900
CAM_20230815_13,4,4,51900
CAM_20230815_14,3,1,35900
CAM_20230815_15,8,9,52900
CAM_20230815_16,6,5,47900
CAM_20230815_17,2,2,10900
CAM_20230815_18,3,11,62900
CAM_20230815_19,12,10,39900
CAM_20230815_20,5,12,66900
CAM_20230815_21,3,4,96900
CAM_20230815_22,6,6,72900
CAM_20230815_23,12,6,81900
CAM_20230815_24,4,7,83900
CAM_20230815_25,5,3,62900
CAM_20230815_26,6,4,93900
CAM_20230815_27,4,5,72900
CAM_20230815_28,7,12,80900
CAM_20230815_29,1,3,28900
CAM_20230815_30,12,7,26900
CAM_20230815_31,3,12,65900
CAM_20230815_32,1,12,54900
CAM_20230815_33,10,7,96900
CAM_20230815_34,2,12,71900
CAM_20230815_35,12,2,82900
CAM_20230815_36,5,9,57900
CAM_20230815_37,3,9,74900
CAM_20230815_38,5,8,79900
CAM_20230815_39,8,4,14900
CAM_20230815_40,3,8,80900
CAM_20230815_41,8,9,12900
CAM_20230815_42,12,1,51900
CAM_20230815_43,1,4,29900
CAM_20230815_44,7,6,66900
CAM_20230815_45,1,1,29900
CAM_20230815_46,10,1,14900
CAM_20230815_47,8,10,90900
CAM_20230815_48,12,7,66900
CAM_20230815_49,12,7,86900
CAM_20230815_50,3,1,97900
