COU_20230728_0,12,12,25900
COU_20230728_1,12,12,31900
COU_20230728_2,12,12,45900
COU_20230728_3,12,12,41900
COU_20230728_4,12,12,32900
COU_20230728_5,12,12,40900
COU_20230728_6,12,12,48900
COU_20230728_7,12,12,30900
COU_20230728_8,12,12,6900
COU_20230728_9,12,12,50900
COU_20230728_10,12,12,43900
COU_20230728_11,12,12,2900
COU_20230728_12,12,12,51900
COU_20230728_13,12,12,30900
COU_20230728_14,12,12,6900
COU_20230728_15,12,12,11900
COU_20230728_16,12,12,23900
COU_20230728_17,12,12,18900
COU_20230728_18,12,12,28900
COU_20230728_19,12,12,34900
COU_20230728_20,12,12,40900
COU_20230728_21,12,12,18900
COU_20230728_22,12,12,50900
COU_20230728_23,12,12,47900
COU_20230728_24,12,12,47900
COU_20230728_25,12,12,8900
COU_20230728_26,12,12,21900
COU_20230728_27,12,12,16900
COU_20230728_28,12,12,46900
COU_20230728_29,12,12,18900
COU_20230728_30,12,12,27900
COU_20230728_31,12,12,37900
COU_20230728_32,12,12,14900
COU_20230728_33,12,12,58900
COU_20230728_34,12,12,14900
COU_20230728_35,12,12,25900
COU_20230728_36,12,12,29900
COU_20230728_37,12,12,4900
COU_20230728_38,12,12,58900
COU_20230728_39,12,12,50900
COU_20230728_40,12,12,25900
COU_20230728_41,12,12,32900
COU_20230728_42,12,12,39900
COU_20230728_43,12,12,21900
COU_20230728_44,12,12,13900
COU_20230728_45,12,12,18900
COU_20230728_46,12,12,24900
COU_20230728_47,12,12,48900
COU_20230728_48,12,12,56900
COU_20230728_49,12,12,4900
