CRA_20230814_1,4,8,700000
CRA_20230814_2,4,8,800000
CRA_20230814_3,4,8,900000
CRA_20230814_5,4,8,700000
CRA_20230814_6,4,8,800000
CRA_20230814_7,4,8,600000
CRA_20230814_8,4,8,800000
CRA_20230814_9,4,8,500000
CRA_20230814_10,4,8,800000
CRA_20230814_11,4,8,500000
CRA_20230814_12,4,8,600000
CRA_20230814_13,4,8,500000
CRA_20230814_14,4,8,900000
CRA_20230814_15,4,8,600000
CRA_20230814_16,4,8,700000
CRA_20230814_17,4,8,600000
CRA_20230814_18,4,8,500000
CRA_20230814_19,4,8,800000
CRA_20230814_20,4,8,900000
CRA_20230814_21,4,8,500000
CRA_20230814_22,4,8,700000
CRA_20230814_23,4,8,500000
CRA_20230814_24,4,8,500000
CRA_20230814_25,4,8,600000
CRA_20230814_26,4,8,700000
CRA_20230814_27,4,8,700000
CRA_20230814_28,4,8,700000
CRA_20230814_29,4,8,500000
CRA_20230814_30,4,8,900000
CRA_20230814_31,4,8,500000
CRA_20230814_32,4,8,800000
CRA_20230814_33,4,8,800000
CRA_20230814_34,4,8,800000
CRA_20230814_35,4,8,700000
CRA_20230814_36,4,8,900000
CRA_20230814_37,4,8,700000
CRA_20230814_38,4,8,700000
CRA_20230814_39,4,8,800000
CRA_20230814_40,4,8,600000
CRA_20230814_41,4,8,500000
CRA_20230814_42,4,8,700000
CRA_20230814_43,4,8,800000
CRA_20230814_44,4,8,800000
CRA_20230814_45,4,8,500000
CRA_20230814_46,4,8,800000
CRA_20230814_47,4,8,700000
CRA_20230814_48,4,8,900000
CRA_20230814_50,4,8,600000
