CYC_20230815_1,24,12,49900
CYC_20230815_2,12,3,29900
CYC_20230815_3,24,12,19900
CYC_20230815_4,12,9,19900
CYC_20230815_5,36,12,19900
CYC_20230815_6,36,12,49900
CYC_20230815_7,24,6,49900
CYC_20230815_8,36,12,59900
CYC_20230815_9,36,3,39900
CYC_20230815_10,12,12,49900
CYC_20230815_11,24,3,49900
CYC_20230815_12,36,6,39900
CYC_20230815_13,36,6,39900
CYC_20230815_14,36,3,39900
CYC_20230815_15,12,3,29900
CYC_20230815_16,24,6,49900
CYC_20230815_17,24,9,39900
CYC_20230815_18,12,3,59900
CYC_20230815_19,36,6,59900
CYC_20230815_20,24,9,19900
CYC_20230815_21,24,3,29900
CYC_20230815_22,12,6,49900
CYC_20230815_23,24,12,19900
CYC_20230815_24,12,9,59900
CYC_20230815_25,12,6,29900
CYC_20230815_26,36,12,39900
CYC_20230815_27,12,12,59900
CYC_20230815_28,12,6,59900
CYC_20230815_29,36,12,39900
CYC_20230815_30,12,12,39900
CYC_20230815_31,12,6,19900
CYC_20230815_32,12,12,19900
CYC_20230815_33,36,12,29900
CYC_20230815_34,12,12,39900
CYC_20230815_35,24,12,49900
CYC_20230815_36,12,9,39900
CYC_20230815_37,24,3,59900
CYC_20230815_38,12,9,49900
CYC_20230815_39,12,9,19900
CYC_20230815_40,12,3,19900
CYC_20230815_41,12,12,59900
CYC_20230815_42,24,12,29900
CYC_20230815_43,12,9,29900
CYC_20230815_44,36,6,49900
CYC_20230815_45,12,9,29900
CYC_20230815_46,24,6,59900
CYC_20230815_47,12,9,29900
CYC_20230815_48,12,6,59900
CYC_20230815_49,24,9,19900
CYC_20230815_50,12,12,59900
