DUM_20230814_1,6,8,4100000
DUM_20230814_2,6,8,3600000
DUM_20230814_3,6,8,3700000
DUM_20230814_4,6,8,3200000
DUM_20230814_5,6,8,3300000
DUM_20230814_6,6,8,3700000
DUM_20230814_7,6,8,2900000
DUM_20230814_8,6,8,2500000
DUM_20230814_9,6,8,4200000
DUM_20230814_10,6,8,4100000
DUM_20230814_11,6,8,4300000
DUM_20230814_12,6,8,3900000
DUM_20230814_13,6,8,4400000
DUM_20230814_14,6,8,3200000
DUM_20230814_15,6,8,3900000
DUM_20230814_16,6,8,3500000
DUM_20230814_17,6,8,3500000
DUM_20230814_18,6,8,3300000
DUM_20230814_19,6,8,3400000
DUM_20230814_20,6,8,3600000
DUM_20230814_21,6,8,3700000
DUM_20230814_22,6,8,3700000
DUM_20230814_23,6,8,3700000
DUM_20230814_24,6,8,3900000
DUM_20230814_25,6,8,2900000
DUM_20230814_26,6,8,3000000
DUM_20230814_27,6,8,3500000
DUM_20230814_28,6,8,2900000
DUM_20230814_29,6,8,3500000
DUM_20230814_30,6,8,2500000
DUM_20230814_31,6,8,3700000
DUM_20230814_32,6,8,3000000
DUM_20230814_33,6,8,3500000
DUM_20230814_34,6,8,3900000
DUM_20230814_35,6,8,3700000
DUM_20230814_36,6,8,3500000
DUM_20230814_37,6,8,3800000
DUM_20230814_38,6,8,4000000
DUM_20230814_39,6,8,4100000
DUM_20230814_40,6,8,3000000
DUM_20230814_41,6,8,2900000
DUM_20230814_42,6,8,2700000
DUM_20230814_43,6,8,4100000
DUM_20230814_44,6,8,2600000
DUM_20230814_45,6,8,4000000
DUM_20230814_46,6,8,3600000
DUM_20230814_47,6,8,3600000
DUM_20230814_48,6,8,3600000
DUM_20230814_49,6,8,3600000
DUM_20230814_50,6,8,4400000
DUM_20230823_51,,,
