FLT_20230814_1,3,6,800000
FLT_20230814_2,3,6,700000
FLT_20230814_3,3,6,900000
FLT_20230814_4,3,6,1000000
FLT_20230814_5,3,6,700000
FLT_20230814_6,3,6,700000
FLT_20230814_7,3,6,800000
FLT_20230814_8,3,6,700000
FLT_20230814_9,3,6,800000
FLT_20230814_10,3,6,700000
FLT_20230814_11,3,6,800000
FLT_20230814_12,3,6,1000000
FLT_20230814_13,3,6,900000
FLT_20230814_14,3,6,700000
FLT_20230814_15,3,6,600000
FLT_20230814_16,3,6,600000
FLT_20230814_17,3,6,600000
FLT_20230814_18,3,6,800000
FLT_20230814_19,3,6,700000
FLT_20230814_20,3,6,700000
FLT_20230814_21,3,6,1000000
FLT_20230814_22,3,6,800000
FLT_20230814_23,3,6,900000
FLT_20230814_24,3,6,900000
FLT_20230814_25,3,6,700000
FLT_20230814_26,3,6,1000000
FLT_20230814_27,3,6,600000
FLT_20230814_28,3,6,900000
FLT_20230814_29,3,6,800000
FLT_20230814_30,3,6,800000
FLT_20230814_31,3,6,700000
FLT_20230814_32,3,6,800000
FLT_20230814_33,3,6,700000
FLT_20230814_34,3,6,1000000
FLT_20230814_35,3,6,600000
FLT_20230814_36,3,6,1000000
FLT_20230814_37,3,6,600000
FLT_20230814_38,3,6,900000
FLT_20230814_39,3,6,1000000
FLT_20230814_40,3,6,1000000
FLT_20230814_41,3,6,1000000
FLT_20230814_42,3,6,800000
FLT_20230814_43,3,6,900000
FLT_20230814_44,3,6,600000
FLT_20230814_45,3,6,1000000
FLT_20230814_46,3,6,800000
FLT_20230814_47,3,6,1000000
FLT_20230814_48,3,6,800000
FLT_20230814_49,3,6,700000
FLT_20230814_50,3,6,700000
