FOK_20230814_1,5,4,3300000
FOK_20230814_2,5,4,3900000
FOK_20230814_3,5,4,3200000
FOK_20230814_4,5,4,4000000
FOK_20230814_5,5,4,4200000
FOK_20230814_6,5,4,3700000
FOK_20230814_7,5,4,4500000
FOK_20230814_8,5,4,3100000
FOK_20230814_9,5,4,4700000
FOK_20230814_10,5,4,3800000
FOK_20230814_11,5,4,3300000
FOK_20230814_12,5,4,3700000
FOK_20230814_13,5,4,3600000
FOK_20230814_14,5,4,3600000
FOK_20230814_15,5,4,3500000
FOK_20230814_16,5,4,4200000
FOK_20230814_17,5,4,3500000
FOK_20230814_18,5,4,3100000
FOK_20230814_19,5,4,3700000
FOK_20230814_20,5,4,4900000
FOK_20230814_21,5,4,3200000
FOK_20230814_22,5,4,3600000
FOK_20230814_23,5,4,4300000
FOK_20230814_24,5,4,4500000
FOK_20230814_25,5,4,3600000
FOK_20230814_26,5,4,3200000
FOK_20230814_27,5,4,4800000
FOK_20230814_28,5,4,4900000
FOK_20230814_29,5,4,4200000
FOK_20230814_30,5,4,3100000
FOK_20230814_31,5,4,4200000
FOK_20230814_32,5,4,3500000
FOK_20230814_33,5,4,3000000
FOK_20230814_34,5,4,3800000
FOK_20230814_35,5,4,4000000
FOK_20230814_36,5,4,3700000
FOK_20230814_37,5,4,4700000
FOK_20230814_38,5,4,4800000
FOK_20230814_39,5,4,3100000
FOK_20230814_40,5,4,3800000
FOK_20230814_41,5,4,3200000
FOK_20230814_42,5,4,4800000
FOK_20230814_43,5,4,3700000
FOK_20230814_44,5,4,3600000
FOK_20230814_45,5,4,4300000
FOK_20230814_46,5,4,3300000
FOK_20230814_47,5,4,4300000
FOK_20230814_48,5,4,4500000
FOK_20230814_49,5,4,3200000
FOK_20230814_50,5,4,3600000
FOK_20230824_51,12,36,300000
