LAP_20230815_1,7,8,56900
LAP_20230815_2,9,3,24900
LAP_20230815_3,10,9,33900
LAP_20230815_4,4,2,19900
LAP_20230815_5,1,3,27900
LAP_20230815_6,1,1,56900
LAP_20230815_7,6,8,19900
LAP_20230815_8,2,10,13900
LAP_20230815_9,9,1,12900
LAP_20230815_10,12,8,20900
LAP_20230815_11,6,9,38900
LAP_20230815_12,9,1,39900
LAP_20230815_13,2,1,12900
LAP_20230815_14,6,4,54900
LAP_20230815_15,9,3,24900
LAP_20230815_16,5,8,57900
LAP_20230815_17,7,7,28900
LAP_20230815_18,11,12,50900
LAP_20230815_19,9,10,41900
LAP_20230815_20,9,9,35900
LAP_20230815_21,8,6,21900
LAP_20230815_22,9,4,19900
LAP_20230815_23,12,11,45900
LAP_20230815_24,1,5,19900
LAP_20230815_25,5,10,19900
LAP_20230815_26,5,6,56900
LAP_20230815_27,8,10,51900
LAP_20230815_28,12,7,35900
LAP_20230815_29,1,10,28900
LAP_20230815_30,2,12,35900
LAP_20230815_31,1,6,17900
LAP_20230815_32,6,6,29900
LAP_20230815_33,7,10,14900
LAP_20230815_34,3,11,16900
LAP_20230815_35,2,6,40900
LAP_20230815_36,2,6,14900
LAP_20230815_37,11,1,56900
LAP_20230815_38,9,12,23900
LAP_20230815_39,10,11,41900
LAP_20230815_40,7,11,16900
LAP_20230815_41,9,3,31900
LAP_20230815_42,5,2,32900
LAP_20230815_43,6,2,11900
LAP_20230815_44,6,3,26900
LAP_20230815_45,8,7,14900
LAP_20230815_46,1,5,32900
LAP_20230815_47,9,9,42900
LAP_20230815_48,5,11,52900
LAP_20230815_49,12,9,53900
LAP_20230815_50,7,4,55900
