LAT_20230814_1,3,4,700000
LAT_20230814_2,3,4,700000
LAT_20230814_3,3,4,500000
LAT_20230814_4,3,4,500000
LAT_20230814_5,3,4,700000
LAT_20230814_6,3,4,800000
LAT_20230814_7,3,4,500000
LAT_20230814_8,3,4,800000
LAT_20230814_9,3,4,700000
LAT_20230814_10,3,4,600000
LAT_20230814_11,3,4,700000
LAT_20230814_12,3,4,700000
LAT_20230814_13,3,4,800000
LAT_20230814_14,3,4,700000
LAT_20230814_15,3,4,700000
LAT_20230814_16,3,4,800000
LAT_20230814_17,3,4,700000
LAT_20230814_18,3,4,700000
LAT_20230814_19,3,4,700000
LAT_20230814_20,3,4,600000
LAT_20230814_21,3,4,700000
LAT_20230814_22,3,4,500000
LAT_20230814_23,3,4,700000
LAT_20230814_24,3,4,500000
LAT_20230814_25,3,4,500000
LAT_20230814_26,3,4,800000
LAT_20230814_27,3,4,600000
LAT_20230814_28,3,4,500000
LAT_20230814_29,3,4,800000
LAT_20230814_30,3,4,700000
LAT_20230814_31,3,4,700000
LAT_20230814_32,3,4,800000
LAT_20230814_33,3,4,500000
LAT_20230814_34,3,4,500000
LAT_20230814_35,3,4,800000
LAT_20230814_36,3,4,800000
LAT_20230814_37,3,4,700000
LAT_20230814_38,3,4,700000
LAT_20230814_39,3,4,700000
LAT_20230814_40,3,4,500000
LAT_20230814_41,3,4,800000
LAT_20230814_42,3,4,700000
LAT_20230814_43,3,4,500000
LAT_20230814_44,3,4,700000
LAT_20230814_45,3,4,600000
LAT_20230814_46,3,4,800000
LAT_20230814_47,3,4,600000
LAT_20230814_48,3,4,700000
LAT_20230814_49,3,4,500000
LAT_20230814_50,3,4,600000
