MON_20230815_1,6,1,22900
MON_20230815_2,8,5,35900
MON_20230815_3,11,4,14900
MON_20230815_4,9,1,34900
MON_20230815_5,8,8,95900
MON_20230815_6,5,1,49900
MON_20230815_7,5,5,48900
MON_20230815_8,3,4,70900
MON_20230815_9,12,7,47900
MON_20230815_10,10,1,88900
MON_20230815_11,3,9,75900
MON_20230815_12,5,2,15900
MON_20230815_13,1,11,61900
MON_20230815_14,5,7,87900
MON_20230815_15,4,1,39900
MON_20230815_16,4,9,84900
MON_20230815_17,2,2,33900
MON_20230815_18,3,8,98900
MON_20230815_19,7,6,49900
MON_20230815_20,4,1,30900
MON_20230815_21,4,9,45900
MON_20230815_22,11,1,19900
MON_20230815_23,3,2,47900
MON_20230815_24,3,9,21900
MON_20230815_25,1,5,33900
MON_20230815_26,4,1,39900
MON_20230815_27,10,7,20900
MON_20230815_28,1,6,68900
MON_20230815_29,1,6,46900
MON_20230815_30,2,12,89900
MON_20230815_31,4,6,39900
MON_20230815_32,2,5,94900
MON_20230815_33,3,2,65900
MON_20230815_34,9,12,52900
MON_20230815_35,12,12,15900
MON_20230815_36,1,4,56900
MON_20230815_37,4,5,61900
MON_20230815_38,7,3,36900
MON_20230815_39,6,11,26900
MON_20230815_40,5,12,45900
MON_20230815_41,6,12,34900
MON_20230815_42,9,7,25900
MON_20230815_43,9,1,84900
MON_20230815_44,7,12,94900
MON_20230815_45,5,4,61900
MON_20230815_46,1,11,50900
MON_20230815_47,6,3,82900
MON_20230815_48,2,3,20900
MON_20230815_49,1,11,89900
MON_20230815_50,1,11,42900
