MSC_20230814_1,36,3,51900
MSC_20230814_2,36,3,49900
MSC_20230814_3,36,3,86900
MSC_20230814_4,36,3,56900
MSC_20230814_5,36,3,42900
MSC_20230814_6,36,3,89900
MSC_20230814_7,36,3,81900
MSC_20230814_8,36,3,49900
MSC_20230814_9,36,3,76900
MSC_20230814_10,36,3,82900
MSC_20230814_11,36,3,74900
MSC_20230814_12,36,3,76900
MSC_20230814_13,36,3,73900
MSC_20230814_14,36,3,65900
MSC_20230814_15,36,3,86900
MSC_20230814_16,36,3,88900
MSC_20230814_17,36,3,80900
MSC_20230814_18,36,3,49900
MSC_20230814_19,36,3,60900
MSC_20230814_20,36,3,59900
MSC_20230814_21,36,3,80900
MSC_20230814_22,36,3,70900
MSC_20230814_23,36,3,89900
MSC_20230814_24,36,3,34900
MSC_20230814_25,36,3,51900
MSC_20230814_26,36,3,42900
MSC_20230814_27,36,3,89900
MSC_20230814_28,36,3,87900
MSC_20230814_29,36,3,42900
MSC_20230814_30,36,3,70900
MSC_20230814_31,36,3,64900
MSC_20230814_32,36,3,54900
MSC_20230814_33,36,3,47900
MSC_20230814_34,36,3,49900
MSC_20230814_35,36,3,38900
MSC_20230814_36,36,3,38900
MSC_20230814_37,36,3,33900
MSC_20230814_38,36,3,55900
MSC_20230814_39,36,3,58900
MSC_20230814_40,36,3,82900
MSC_20230814_41,36,3,32900
MSC_20230814_42,36,3,59900
MSC_20230814_43,36,3,74900
MSC_20230814_44,36,3,88900
MSC_20230814_45,36,3,45900
MSC_20230814_46,36,3,53900
MSC_20230814_47,36,3,53900
MSC_20230814_48,36,3,71900
MSC_20230814_49,36,3,85900
MSC_20230814_50,36,3,53900
