REM_20230206_0,12,6,18900
REM_20230206_1,12,6,71900
REM_20230206_2,12,6,53900
REM_20230206_3,12,6,44900
REM_20230206_4,12,6,46900
REM_20230206_5,12,6,51900
REM_20230206_6,12,6,12900
REM_20230206_7,12,6,55900
REM_20230206_8,12,6,21900
REM_20230206_9,12,6,67900
REM_20230206_10,12,6,37900
REM_20230206_11,12,6,44900
REM_20230206_12,12,6,25900
REM_20230206_13,12,6,22900
REM_20230206_14,12,6,28900
REM_20230206_15,12,6,7900
REM_20230206_16,12,6,19900
REM_20230206_17,12,6,64900
REM_20230206_18,12,6,23900
REM_20230206_19,12,6,26900
REM_20230206_20,12,6,74900
REM_20230206_21,12,6,57900
REM_20230206_22,12,6,15900
REM_20230206_23,12,6,16900
REM_20230206_24,12,6,65900
REM_20230206_25,12,6,35900
REM_20230206_26,12,6,24900
REM_20230206_27,12,6,42900
REM_20230206_28,12,6,27900
REM_20230206_29,12,6,44900
REM_20230206_30,12,6,75900
REM_20230206_31,12,6,69900
REM_20230206_32,12,6,52900
REM_20230206_33,12,6,28900
REM_20230206_34,12,6,57900
REM_20230206_35,12,6,21900
REM_20230206_36,12,6,53900
REM_20230206_37,12,6,40900
REM_20230206_38,12,6,79900
REM_20230206_39,12,6,76900
REM_20230206_40,12,6,36900
REM_20230206_41,12,6,57900
REM_20230206_42,12,6,79900
REM_20230206_43,12,6,66900
REM_20230206_44,12,6,16900
REM_20230206_45,12,6,15900
REM_20230206_46,12,6,79900
REM_20230206_47,12,6,77900
REM_20230206_48,12,6,19900
REM_20230206_49,12,6,57900
