RUM_20230815_1,12,9,49900
RUM_20230815_2,12,12,29900
RUM_20230815_3,36,3,29900
RUM_20230815_4,24,12,29900
RUM_20230815_5,12,3,29900
RUM_20230815_6,24,6,49900
RUM_20230815_7,24,3,29900
RUM_20230815_8,24,3,29900
RUM_20230815_9,36,6,19900
RUM_20230815_10,24,3,59900
RUM_20230815_11,12,3,59900
RUM_20230815_12,24,9,49900
RUM_20230815_13,36,3,59900
RUM_20230815_14,36,12,59900
RUM_20230815_15,24,9,29900
RUM_20230815_16,36,3,29900
RUM_20230815_17,24,9,59900
RUM_20230815_18,24,12,49900
RUM_20230815_19,12,9,59900
RUM_20230815_20,24,12,59900
RUM_20230815_21,12,6,59900
RUM_20230815_22,36,12,39900
RUM_20230815_23,36,12,39900
RUM_20230815_24,36,12,29900
RUM_20230815_25,12,3,39900
RUM_20230815_26,12,6,49900
RUM_20230815_27,24,6,19900
RUM_20230815_28,24,3,49900
RUM_20230815_29,12,9,39900
RUM_20230815_30,24,12,59900
RUM_20230815_31,36,12,29900
RUM_20230815_32,24,3,29900
RUM_20230815_33,36,6,49900
RUM_20230815_34,12,12,19900
RUM_20230815_35,36,9,39900
RUM_20230815_36,12,9,39900
RUM_20230815_37,24,3,49900
RUM_20230815_38,36,6,59900
RUM_20230815_39,36,6,49900
RUM_20230815_40,36,6,29900
RUM_20230815_41,36,6,29900
RUM_20230815_42,36,9,59900
RUM_20230815_43,24,9,19900
RUM_20230815_44,24,9,19900
RUM_20230815_45,24,3,19900
RUM_20230815_46,24,12,19900
RUM_20230815_47,36,3,59900
RUM_20230815_48,12,6,19900
RUM_20230815_49,36,9,29900
RUM_20230815_50,36,6,59900
RUM_20210815_1,36,6,59900