RWM_20230815_1,24,6,39900
RWM_20230815_2,24,6,29900
RWM_20230815_3,12,9,29900
RWM_20230815_4,12,6,19900
RWM_20230815_5,12,6,59900
RWM_20230815_6,24,3,39900
RWM_20230815_7,12,6,49900
RWM_20230815_8,12,12,29900
RWM_20230815_9,36,9,49900
RWM_20230815_10,36,9,59900
RWM_20230815_11,12,9,59900
RWM_20230815_12,12,3,19900
RWM_20230815_13,12,9,19900
RWM_20230815_14,12,6,59900
RWM_20230815_15,36,12,39900
RWM_20230815_16,36,3,29900
RWM_20230815_17,36,9,39900
RWM_20230815_18,12,12,39900
RWM_20230815_19,24,6,39900
RWM_20230815_20,36,12,59900
RWM_20230815_21,36,12,29900
RWM_20230815_22,24,9,59900
RWM_20230815_23,12,6,39900
RWM_20230815_24,24,3,29900
RWM_20230815_25,36,6,29900
RWM_20230815_26,12,12,49900
RWM_20230815_27,36,3,29900
RWM_20230815_28,12,3,29900
RWM_20230815_29,24,12,29900
RWM_20230815_30,24,6,49900
RWM_20230815_31,12,12,19900
RWM_20230815_32,24,6,59900
RWM_20230815_33,12,9,49900
RWM_20230815_34,36,3,39900
RWM_20230815_35,36,6,49900
RWM_20230815_36,12,6,19900
RWM_20230815_37,24,3,29900
RWM_20230815_38,36,6,49900
RWM_20230815_39,24,3,59900
RWM_20230815_40,24,6,29900
RWM_20230815_41,12,12,59900
RWM_20230815_42,12,3,49900
RWM_20230815_43,24,12,29900
RWM_20230815_44,24,12,49900
RWM_20230815_45,24,9,49900
RWM_20230815_46,12,3,49900
RWM_20230815_47,36,12,39900
RWM_20230815_48,24,12,59900
RWM_20230815_49,24,9,49900
RWM_20230815_50,36,12,59900
