SMM_20230815_1,12,3,49900
SMM_20230815_2,24,12,29900
SMM_20230815_3,36,3,39900
SMM_20230815_4,24,6,39900
SMM_20230815_5,12,9,29900
SMM_20230815_6,12,3,19900
SMM_20230815_7,24,9,39900
SMM_20230815_8,36,6,49900
SMM_20230815_9,24,6,39900
SMM_20230815_10,36,9,29900
SMM_20230815_11,12,6,59900
SMM_20230815_12,12,3,19900
SMM_20230815_13,36,3,19900
SMM_20230815_14,12,6,19900
SMM_20230815_15,24,12,39900
SMM_20230815_16,24,9,59900
SMM_20230815_17,36,3,49900
SMM_20230815_18,36,12,39900
SMM_20230815_19,12,6,29900
SMM_20230815_20,24,12,49900
SMM_20230815_21,12,12,29900
SMM_20230815_22,24,12,19900
SMM_20230815_23,12,9,59900
SMM_20230815_24,12,9,29900
SMM_20230815_25,12,12,19900
SMM_20230815_26,12,6,29900
SMM_20230815_27,12,9,19900
SMM_20230815_28,12,9,49900
SMM_20230815_29,12,3,29900
SMM_20230815_30,12,12,39900
SMM_20230815_31,12,3,49900
SMM_20230815_32,24,9,59900
SMM_20230815_33,12,12,19900
SMM_20230815_34,24,12,29900
SMM_20230815_35,36,3,39900
SMM_20230815_36,36,3,59900
SMM_20230815_37,36,9,39900
SMM_20230815_38,24,12,59900
SMM_20230815_39,12,9,49900
SMM_20230815_40,12,6,29900
SMM_20230815_41,36,6,59900
SMM_20230815_42,36,3,59900
SMM_20230815_43,12,9,39900
SMM_20230815_44,12,3,49900
SMM_20230815_45,24,3,39900
SMM_20230815_46,36,3,29900
SMM_20230815_47,36,6,19900
SMM_20230815_48,24,12,29900
SMM_20230815_49,12,12,49900
SMM_20230815_50,12,12,19900
