TAB_20230815_1,8,9,69900
TAB_20230815_2,5,5,45900
TAB_20230815_3,1,6,51900
TAB_20230815_4,8,6,61900
TAB_20230815_5,7,11,57900
TAB_20230815_6,12,10,24900
TAB_20230815_7,6,2,45900
TAB_20230815_8,11,8,50900
TAB_20230815_9,7,12,81900
TAB_20230815_10,3,11,17900
TAB_20230815_11,3,4,98900
TAB_20230815_12,12,9,32900
TAB_20230815_13,5,6,58900
TAB_20230815_14,5,12,26900
TAB_20230815_15,2,5,67900
TAB_20230815_16,2,1,88900
TAB_20230815_17,12,1,32900
TAB_20230815_18,10,4,22900
TAB_20230815_19,5,6,28900
TAB_20230815_20,12,10,27900
TAB_20230815_21,3,4,51900
TAB_20230815_22,4,4,18900
TAB_20230815_23,1,6,45900
TAB_20230815_24,2,2,95900
TAB_20230815_25,1,4,33900
TAB_20230815_26,1,9,16900
TAB_20230815_27,11,2,94900
TAB_20230815_28,8,1,79900
TAB_20230815_29,11,3,30900
TAB_20230815_30,2,1,27900
TAB_20230815_31,2,10,80900
TAB_20230815_32,12,7,40900
TAB_20230815_33,4,9,17900
TAB_20230815_34,5,5,37900
TAB_20230815_35,9,10,89900
TAB_20230815_36,11,8,82900
TAB_20230815_37,11,1,20900
TAB_20230815_38,7,12,48900
TAB_20230815_39,1,10,70900
TAB_20230815_40,4,9,45900
TAB_20230815_41,4,4,52900
TAB_20230815_42,9,9,37900
TAB_20230815_43,12,4,20900
TAB_20230815_44,10,4,80900
TAB_20230815_45,2,12,34900
TAB_20230815_46,2,12,99900
TAB_20230815_47,2,8,42900
TAB_20230815_48,9,7,68900
TAB_20230815_49,1,6,51900
TAB_20230815_50,2,1,53900
