TAL_20230609_0,12,12,18900
TAL_20230609_1,12,12,10900
TAL_20230609_2,12,12,10900
TAL_20230609_3,12,12,10900
TAL_20230609_4,12,12,4900
TAL_20230609_5,12,12,19900
TAL_20230609_6,12,12,3900
TAL_20230609_7,12,12,13900
TAL_20230609_8,12,12,15900
TAL_20230609_9,12,12,7900
TAL_20230609_10,12,12,17900
TAL_20230609_11,12,12,19900
TAL_20230609_12,12,12,19900
TAL_20230609_13,12,12,13900
TAL_20230609_14,12,12,17900
TAL_20230609_15,12,12,6900
TAL_20230609_16,12,12,14900
TAL_20230609_17,12,12,1900
TAL_20230609_18,12,12,13900
TAL_20230609_19,12,12,8900
TAL_20230609_20,12,12,7900
TAL_20230609_21,12,12,15900
TAL_20230609_22,12,12,8900
TAL_20230609_23,12,12,17900
TAL_20230609_24,12,12,13900
TAL_20230609_25,12,12,17900
TAL_20230609_26,12,12,7900
TAL_20230609_27,12,12,15900
TAL_20230609_28,12,12,14900
TAL_20230609_29,12,12,15900
TAL_20230609_30,12,12,8900
TAL_20230609_31,12,12,11900
TAL_20230609_32,12,12,12900
TAL_20230609_33,12,12,11900
TAL_20230609_34,12,12,9900
TAL_20230609_35,12,12,1900
TAL_20230609_36,12,12,15900
TAL_20230609_37,12,12,3900
TAL_20230609_38,12,12,1900
TAL_20230609_39,12,12,6900
TAL_20230609_40,12,12,13900
TAL_20230609_41,12,12,4900
TAL_20230609_42,12,12,2900
TAL_20230609_43,12,12,11900
TAL_20230609_44,12,12,8900
TAL_20230609_45,12,12,7900
TAL_20230609_46,12,12,19900
TAL_20230609_47,12,12,8900
TAL_20230609_48,12,12,7900
TAL_20230609_49,12,12,16900
