WAS_20230815_1,36,3,20900
WAS_20230815_2,36,3,6900
WAS_20230815_3,36,3,21900
WAS_20230815_4,36,3,20900
WAS_20230815_5,36,3,23900
WAS_20230815_6,36,3,23900
WAS_20230815_7,36,3,11900
WAS_20230815_8,36,3,9900
WAS_20230815_9,36,3,13900
WAS_20230815_10,36,3,17900
WAS_20230815_11,36,3,21900
WAS_20230815_12,36,3,9900
WAS_20230815_13,36,3,10900
WAS_20230815_14,36,3,18900
WAS_20230815_15,36,3,5900
WAS_20230815_16,36,3,13900
WAS_20230815_17,36,3,21900
WAS_20230815_18,36,3,6900
WAS_20230815_19,36,3,19900
WAS_20230815_20,36,3,20900
WAS_20230815_21,36,3,10900
WAS_20230815_22,36,3,22900
WAS_20230815_23,36,3,19900
WAS_20230815_24,36,3,17900
WAS_20230815_25,36,3,21900
WAS_20230815_26,36,3,11900
WAS_20230815_27,36,3,16900
WAS_20230815_28,36,3,21900
WAS_20230815_29,36,3,16900
WAS_20230815_30,36,3,18900
WAS_20230815_31,36,3,5900
WAS_20230815_32,36,3,10900
WAS_20230815_33,36,3,15900
WAS_20230815_34,36,3,11900
WAS_20230815_35,36,3,7900
WAS_20230815_36,36,3,15900
WAS_20230815_37,36,3,23900
WAS_20230815_38,36,3,20900
WAS_20230815_39,36,3,12900
WAS_20230815_40,36,3,10900
WAS_20230815_41,36,3,14900
WAS_20230815_42,36,3,9900
WAS_20230815_43,36,3,5900
WAS_20230815_44,36,3,16900
WAS_20230815_45,36,3,12900
WAS_20230815_46,36,3,18900
WAS_20230815_47,36,3,8900
WAS_20230815_48,36,3,22900
WAS_20230815_49,36,3,24900
WAS_20230815_50,36,3,23900
