YAC_20230815_1,1,1,419000
YAC_20230815_2,1,1,669000
YAC_20230815_3,1,1,449000
YAC_20230815_4,1,1,619000
YAC_20230815_5,1,1,409000
YAC_20230815_6,1,1,559000
YAC_20230815_7,1,1,509000
YAC_20230815_8,1,1,579000
YAC_20230815_9,1,1,499000
YAC_20230815_10,1,1,609000
YAC_20230815_11,1,1,639000
YAC_20230815_12,1,1,389000
YAC_20230815_13,1,1,679000
YAC_20230815_14,1,1,669000
YAC_20230815_15,1,1,659000
YAC_20230815_16,1,1,459000
YAC_20230815_17,1,1,509000
YAC_20230815_18,1,1,479000
YAC_20230815_19,1,1,509000
YAC_20230815_20,1,1,569000
YAC_20230815_21,1,1,669000
YAC_20230815_22,1,1,469000
YAC_20230815_23,1,1,469000
YAC_20230815_24,1,1,579000
YAC_20230815_25,1,1,679000
YAC_20230815_26,1,1,599000
YAC_20230815_27,1,1,369000
YAC_20230815_28,1,1,529000
YAC_20230815_29,1,1,419000
YAC_20230815_30,1,1,609000
YAC_20230815_31,1,1,429000
YAC_20230815_32,1,1,459000
YAC_20230815_33,1,1,569000
YAC_20230815_34,1,1,489000
YAC_20230815_35,1,1,589000
YAC_20230815_36,1,1,369000
YAC_20230815_37,1,1,549000
YAC_20230815_38,1,1,469000
YAC_20230815_39,1,1,439000
YAC_20230815_40,1,1,399000
YAC_20230815_41,1,1,699000
YAC_20230815_42,1,1,679000
YAC_20230815_43,1,1,579000
YAC_20230815_44,1,1,539000
YAC_20230815_45,1,1,619000
YAC_20230815_46,1,1,669000
YAC_20230815_47,1,1,439000
YAC_20230815_48,1,1,559000
YAC_20230815_49,1,1,449000
YAC_20230815_50,1,1,399000
